193.08
185.56
196.44
187.94
178.10
150.02
108.43
182.78
199.34
97.49
116.45
220.80
174.15
219.34
197.41
188.53
89.12
196.59
169.75
59.91
188.54
81.06
99.10
130.05
193.29
178.93
131.06
184.61
187.30
166.92
155.68
181.05
127.23
203.98
185.57
191.22
113.95
109.49
170.74
208.03
187.36
188.40
205.39
189.43
174.93
133.88
184.05
203.98
175.38
166.44
195.64
211.03
166.75
189.58
182.41
90.47
187.88
167.62
197.61
151.68
198.53
156.31
103.75
181.59
184.27
128.02
174.56
183.28
195.62
176.92
201.17
171.18
188.50
175.64
199.09
187.45
182.54
192.44
191.57
134.21
204.76
205.71
104.69
111.01
180.87
189.63
104.63
223.92
115.44
159.04
189.47
213.28
171.16
193.74
179.56
185.20
121.20
110.05
195.41
189.74
109.23
150.07
103.42
111.42
162.63
191.19
178.21
210.06
100.45
96.82
159.70
158.46
116.86
190.09
70.51
188.41
107.05
63.25
184.58
188.77
215.24
142.56
173.37
53.32
150.37
117.65
189.65
153.69
183.93
177.52
162.37
108.08
101.96
167.59
117.53
186.84
118.40
177.79
202.21
191.50
83.59
189.02
180.29
170.04
174.62
173.21
155.16
183.11
181.61
192.70
121.54
102.14
179.19
184.34
204.35
195.83
184.01
105.35
121.16
180.23
150.59
199.93
156.11
184.52
174.35
197.41
186.90
192.31
180.15
116.47
181.21
152.55
191.35
197.65
152.95
185.95
185.68
178.43
175.40
162.89
200.38
183.88
156.07
195.57
135.28
211.66
197.76
210.13
61.37
196.77
129.82
180.58
163.15
197.84
194.19
115.94
180.17
187.37
189.66
136.41
100.99
178.82
