178.69
154.13
162.35
109.45
148.05
43.15
88.41
53.84
99.31
166.06
37.57
43.30
51.65
174.96
133.59
92.02
152.05
74.46
132.24
144.53
163.75
71.71
178.76
132.55
81.00
53.85
95.15
75.09
122.24
102.39
173.00
54.31
178.84
158.02
120.03
64.83
86.56
156.95
91.15
113.50
158.60
53.17
120.74
26.22
52.65
77.13
38.81
130.79
95.82
160.25
42.12
91.94
80.10
173.57
155.59
115.59
153.09
11.12
165.05
152.27
64.82
105.23
166.11
76.12
168.39
72.78
149.25
170.85
126.10
45.39
91.91
57.68
48.60
70.69
88.45
158.16
70.60
116.71
145.26
79.87
129.04
86.06
102.61
177.73
138.97
64.99
111.43
109.78
170.69
161.96
60.43
99.00
41.54
17.96
114.17
98.38
137.97
159.57
143.40
147.97
134.13
178.03
137.16
178.27
118.56
165.67
53.24
66.16
133.94
116.83
143.57
154.09
156.01
87.02
77.25
167.79
12.76
83.77
110.90
116.97
164.30
166.48
86.36
128.14
115.58
177.01
128.98
165.99
167.28
174.80
179.06
114.77
44.26
111.73
161.78
87.87
64.45
53.61
98.56
179.65
128.54
169.94
39.60
160.64
109.04
149.10
161.69
72.00
146.89
29.43
131.55
100.93
154.26
66.75
39.73
87.34
25.06
165.69
63.07
38.07
167.29
73.94
54.18
60.36
152.35
70.93
129.94
30.74
108.27
165.05
155.72
146.71
160.11
147.86
73.16
157.13
63.88
175.58
165.98
90.54
42.02
129.48
85.43
146.05
147.86
147.69
136.77
130.88
120.62
136.27
146.18
132.72
162.42
53.79
114.02
172.15
135.91
144.69
53.26
151.96
149.39
169.12
